0 0.022498 0.044444 0.026245 0.046658
0 0.912512 0.044444 0.026245 0.046658
0 0.945007 0.044444 0.026245 0.046658
0 0.977502 0.044444 0.026245 0.046658
0 0.917886 0.227772 0.126727 0.050011
0 0.819308 0.349984 0.054242 0.044412
0 0.872412 0.349984 0.051965 0.044412
0 0.402072 0.609722 0.031256 0.038889
0 0.439578 0.609722 0.031256 0.038889
0 0.661966 0.609722 0.031256 0.038889
0 0.699472 0.609722 0.031256 0.038889
0 0.921860 0.645833 0.031256 0.038889
0 0.959366 0.645833 0.031256 0.038889
0 0.402072 0.868056 0.031256 0.038889
0 0.439578 0.868056 0.031256 0.038889
0 0.661966 0.868056 0.031256 0.038889
0 0.699472 0.868056 0.031256 0.038889
0 0.540610 0.983328 0.021881 0.041678
0 0.564053 0.983328 0.021881 0.041678
0 0.587494 0.983328 0.021875 0.041678
0 0.610934 0.983328 0.021881 0.041678
0 0.634378 0.983328 0.021881 0.041678
1 0.421094 0.355556 0.321875 0.055556
1 0.613672 0.363889 0.000781 0.001389
1 0.702808 0.983333 0.000781 0.001389
2 0.231601 0.125694 0.047577 0.029167
2 0.292459 0.125694 0.040106 0.029167